540,3
537,3
526,3
524,3
523,3
520,3
519,3
518,3
515,3
508,3
500,4
500,3
493,3
490,3
486,3
454,3
453,3
446,3
445,3
441,3
437,3
436,3
429,3
427,3
421,3
418,3
413,3
411,3
409,3
406,3
402,3
400,3
395,3
390,3
386,3
369,3
367,3
362,3
360,3
359,3
358,3
357,3
351,3
342,3
340,3
336,3
331,3
330,3
329,3
325,3
319,3
317,3
302,3
297,3
295,3
294,3
293,3
290,3
287,3
285,3
280,3
279,3
269,3
268,3
267,3
264,3
254,3
246,5
246,3
243,3
242,3
239,3
229,35
229,34
229,33
229,32
229,16
229,15
229,14
229,13
229,12
229,11
229,10
229,9
229,8
229,7
229,6
229,5
229,4
229,3
225,3
219,4
219,3
218,5
218,4
218,3
165,3
141,14
141,13
141,12
141,10
141,9
141,4
141,3
26,4
26,3
16,3
15,33
15,32
15,31
15,30
15,29
15,28
15,27
15,26
15,25
15,24
15,23
15,22
15,21
15,20
15,19
15,18
15,17
15,16
15,15
15,14
15,13
15,12
15,11
15,10
15,9
15,8
15,7
15,6
15,5
15,4
15,3
14,4
14,3
12,3
6,3
5,3
4,3
2,114
2,113
2,112
2,111
2,110
2,109
2,108
2,107
2,99
2,98
2,95
2,94
2,93
2,84
2,83
2,82
2,81
2,79
2,78
2,77
2,76
2,75
2,73
2,72
2,71
2,70
2,69
2,68
2,67
2,66
2,64
2,6
2,3
2,2
2,1
2,0
1,5
1,4
1,3
0,1378
0,1374
0,1346
0,1269
0,1250
0,1247
0,1221
0,1153
0,1121
0,1103
0,1036
0,1033
0,1030
0,968
0,894
0,865
0,852
0,769
0,759
0,758
0,757
0,752
0,741
0,738
0,737
0,723
0,710
0,675
0,658
0,650
0,642
0,614
0,592
0,591
0,510
0,438
0,383
0,334
0,243
0,9
0,0
547,3
549,3
552,3
556,3
569,3
571,3
573,3
585,3
587,3
617,2
617,3
618,2
618,4
618,5
621,1
621,2
621,4
621,5
622,3
624,3
625,3
627,3
633,3
693,4
693,6
693,7
693,9
693,11
739,3
739,4
743,4
747,1
747,2
747,4
747,5
749,2
749,5
751,3
756,3
758,3
761,3
763,2
763,4
767,3
771,3
775,0
775,1
775,3
775,5
776,0
776,2
776,3
782,0
782,2
782,3
782,5
782,6
782,8
782,9
785,1
785,3
785,4
785,6
785,7
787,0
787,2
787,3
789,0
789,1
789,3
789,4
791,0
791,2
791,3
796,0
796,1
796,3
796,5
796,6
800,1
800,2
800,4
800,5
802,0
802,2
802,3
802,5
804,0
804,2
804,4
804,5
806,1
806,2
806,4
806,6
806,7
806,9
806,10
806,12
806,13
806,15
806,17
806,18
806,20
806,21
806,23
806,25
806,26
807,0
807,1
807,3
809,0
809,2
809,4
809,5
811,0
811,1
811,3
811,5
815,0
815,2
815,3
815,5
815,6
819,1
819,3
819,4
822,0
822,1
822,3
822,5
822,6
822,8
822,9
824,0
824,1
824,3
824,5
824,6
830,1
830,2
830,4
830,6
830,7
830,9
830,10
834,0
834,2
834,3
834,5
834,6
834,8
834,9
834,11
834,13
836,0
836,2
836,3
836,5
838,0
838,1
838,3
838,4
841,0
841,1
841,3
841,5
841,6
841,8
843,0
843,2
843,4
847,0
847,2
847,3
847,5
847,6
847,8
847,10
847,11
849,0
849,1
849,3
849,5
849,6
851,1
851,2
851,4
851,6
853,0
853,2
853,3
853,5
854,0
854,2
854,4
854,5
854,7
854,8
856,1
856,3
856,4
856,6
856,7
858,1
858,2
858,4
858,6
860,0
860,2
860,3
860,5
862,1
862,2
862,4
862,5
862,7
863,0
863,2
864,0
864,1
864,3
865,0
865,2
865,4
865,5
868,1
868,2
868,4
871,0
871,2
871,4
872,0
872,2
872,3
872,5
872,7
874,0
874,2
874,3
874,5
876,0
876,1
876,3
876,4
876,6
876,7
876,9
876,11
876,12
876,14
876,15
876,17
876,19
876,20
902,0
902,1
902,3
902,4
902,6
902,8
902,9
902,11
902,12
908,1
908,3
908,4
908,6
908,7
910,1
910,2
910,4
910,6
910,7
912,1
912,2
912,4
912,6
913,0
913,2
913,3
913,5
913,7
913,8
914,1
914,2
914,4
914,5
916,0
916,2
916,3
953,1
953,2
953,4
953,6
955,0
955,2
955,3
955,5
955,6
957,0
957,2
957,3
957,5
957,6
957,8
957,10
957,11
957,14
957,15
959,1
959,2
959,4
959,6
961,0
961,2
961,3
961,5
961,7
963,0
963,2
963,3
963,5
963,7
969,0
969,2
969,3
969,5
969,6
969,8
973,1
973,2
973,4
973,5
973,7
975,1
975,2
975,4
975,5
975,7
979,0
979,2
979,4
979,5
981,0
981,1
981,3
985,0
985,1
985,3
985,4
985,6
985,7
987,1
987,3
987,4
987,6
987,7
990,1
990,3
990,5
990,7
990,8
990,9
990,6
990,2
990,0
987,5
987,2
987,0
985,5
985,2
981,5
981,2
979,6
979,3
979,1
975,6
975,3
975,0
973,6
973,3
973,0
969,7
969,4
969,1
963,6
963,4
963,1
961,6
961,4
961,1
959,5
959,3
959,0
957,12
957,9
957,7
957,4
957,1
955,7
955,4
955,1
953,5
953,3
953,0
916,1
914,6
914,3
914,0
913,6
913,4
913,1
912,5
912,3
912,0
910,5
910,3
910,0
908,5
908,2
908,0
902,10
902,7
902,5
902,2
876,21
876,18
876,16
876,13
876,10
876,8
876,5
876,2
874,6
874,4
874,1
872,6
872,4
872,1
871,3
871,1
868,3
868,0
865,3
865,1
864,2
863,3
863,1
862,6
862,3
862,0
860,4
860,1
858,5
858,3
858,0
856,5
856,2
856,0
854,6
854,3
854,1
853,4
853,1
851,5
851,3
851,0
849,4
849,2
847,12
847,9
847,7
847,4
847,1
843,3
843,1
841,7
841,4
841,2
838,5
838,2
836,6
836,4
836,1
834,12
834,10
834,7
834,4
834,1
830,11
830,8
830,5
830,3
830,0
824,4
824,2
822,10
822,7
822,4
822,2
819,5
819,2
819,0
815,4
815,1
811,4
811,2
809,6
809,3
809,1
807,2
806,29
806,24
806,22
806,19
806,16
806,14
806,11
806,8
806,5
806,3
806,0
804,3
804,1
802,4
802,1
800,6
800,3
800,0
796,4
796,2
791,4
791,1
789,5
789,2
787,4
787,1
785,8
785,5
785,2
785,0
782,7
782,4
782,1
776,4
776,1
775,4
775,2
771,6
764,3
763,3
761,2
755,3
749,3
747,6
747,3
747,0
743,3
733,3
693,8
693,5
693,3
626,3
623,3
622,2
621,3
621,0
618,3
617,4
590,3
583,3
571,4
560,3
550,3
0,1350
0,1143
0,1141
0,745
0,709
0,511
0,448
0,445
0,300
0,299
0,298
0,297
0,296
0,295
0,294
0,293
0,292
0,291
0,290
0,289
0,288
0,287
0,286
0,285
0,284
0,283
0,282
0,281
0,280
0,279
0,278
0,277
0,276
0,275
0,274
0,273
0,272
0,271
0,270
0,269
0,268
0,267
0,266
0,265
0,264
0,263
0,262
0,261
0,260
0,259
0,258
0,257
0,256
0,255
0,254
0,253
0,252
0,251
0,250
0,249
0,248
0,247
0,246
0,245
0,244
0,242
0,241
0,240
0,239
0,238
0,237
0,236
0,235
0,234
0,233
0,232
0,231
0,230
0,229
0,228
0,227
0,226
0,225
0,224
0,223
0,222
0,221
0,220
0,219
0,218
0,217
0,216
0,215
0,214
0,213
0,212
0,211
0,210
0,209
0,208
0,207
0,206
0,205
0,204
0,203
0,202
0,201
0,200
0,199
0,198
0,197
0,196
0,195
0,194
0,193
0,192
0,63
0,62
0,61
0,60
0,59
0,58
0,57
0,56
0,55
0,54
0,53
0,52
0,51
0,50
0,49
0,48
0,47
0,46
0,45
0,6
0,5
0,1060
0,304
0,1
0,750
0,303
0,306
0,305
0,302
0,457
0,12
0,401
0,10
0,444
0,8
0,456
0,11
0,4
0,2
0,3
0,7
